19 21 24 27 24  UNSAFE
85 87 89 92 93 96 98 98  UNSAFE
2 5 6 7 8 12  UNSAFE
63 66 69 72 75 82  UNSAFE
18 21 23 26 28 26 27 28  UNSAFE
16 19 21 19 20 22 23 22  UNSAFE
37 39 37 38 41 42 44 44  UNSAFE
18 20 17 20 24  UNSAFE
50 51 54 53 58  UNSAFE
73 76 77 80 83 83 84 85  UNSAFE
30 31 33 33 36 39 40 37  UNSAFE
50 52 52 53 54 55 55  UNSAFE
49 52 54 56 59 59 63  UNSAFE
42 44 46 46 49 52 53 59  UNSAFE
40 43 45 49 52 54  UNSAFE
87 89 93 96 95  UNSAFE
66 69 70 71 73 77 78 78  UNSAFE
30 32 33 36 39 43 47  UNSAFE
8 9 12 16 18 21 22 28  UNSAFE
80 83 84 85 91 92  UNSAFE
75 76 77 84 87 89 88  UNSAFE
8 10 12 17 18 21 22 22  UNSAFE
14 15 20 23 26 29 33  UNSAFE
13 15 18 23 26 33  UNSAFE
43 41 43 44 45 47 49  UNSAFE
77 74 77 78 79 82 79  UNSAFE
55 53 54 55 55  UNSAFE
73 70 72 75 78 79 81 85  UNSAFE
46 44 46 49 50 51 57  UNSAFE
72 70 69 72 73 75 78  UNSAFE
57 55 53 54 57 59 60 57  UNSAFE
21 19 20 22 21 23 23  UNSAFE
11 9 10 13 10 12 13 17  UNSAFE
36 33 34 33 34 35 42  UNSAFE
39 38 38 41 44  UNSAFE
75 72 75 75 78 75  UNSAFE
56 53 56 56 56  UNSAFE
36 33 36 38 38 40 44  UNSAFE
55 54 54 55 57 58 65  UNSAFE
27 25 28 31 35 37 39  UNSAFE
81 79 83 85 83  UNSAFE
19 16 19 23 26 26  UNSAFE
27 25 26 29 33 37  UNSAFE
72 71 74 75 79 81 88  UNSAFE
34 31 32 35 41 44 45 48  UNSAFE
69 67 70 71 72 77 74  UNSAFE
44 43 48 51 51  UNSAFE
57 54 57 63 66 70  UNSAFE
16 14 16 22 23 30  UNSAFE
6 6 9 10 11 13  UNSAFE
7 7 8 10 11 12 13 11  UNSAFE
81 81 84 85 88 88  UNSAFE
53 53 54 55 59  UNSAFE
28 28 31 34 36 37 40 45  UNSAFE
60 60 63 61 62  UNSAFE
63 63 65 63 66 67 65  UNSAFE
36 36 34 37 37  UNSAFE
79 79 76 79 83  UNSAFE
27 27 29 28 31 32 37  UNSAFE
91 91 91 93 96 97  UNSAFE
44 44 46 49 52 52 55 54  UNSAFE
72 72 73 76 76 77 77  UNSAFE
5 5 5 7 11  UNSAFE
4 4 5 7 9 9 15  UNSAFE
51 51 53 56 60 63 66  UNSAFE
2 2 3 7 10 11 10  UNSAFE
61 61 65 66 66  UNSAFE
5 5 8 12 16  UNSAFE
53 53 57 58 59 62 64 69  UNSAFE
18 18 20 21 26 28 30 32  UNSAFE
71 71 72 73 80 81 82 79  UNSAFE
82 82 85 87 92 92  UNSAFE
61 61 63 65 72 74 78  UNSAFE
54 54 60 61 64 71  UNSAFE
58 62 65 67 68 71  UNSAFE
47 51 53 56 57 60 63 60  UNSAFE
12 16 18 20 23 23  UNSAFE
80 84 87 89 90 93 97  UNSAFE
25 29 31 32 34 37 43  UNSAFE
38 42 45 43 44  UNSAFE
72 76 77 74 77 76  UNSAFE
56 60 59 60 60  UNSAFE
64 68 71 70 74  UNSAFE
2 6 9 10 7 12  UNSAFE
17 21 21 23 24 25 27 30  UNSAFE
15 19 19 21 18  UNSAFE
49 53 56 57 57 59 59  UNSAFE
5 9 9 10 12 14 18  UNSAFE
82 86 87 87 93  UNSAFE
50 54 56 58 62 63 66 69  UNSAFE
88 92 96 97 94  UNSAFE
24 28 32 34 37 38 41 41  UNSAFE
15 19 22 26 27 30 34  UNSAFE
59 63 67 68 73  UNSAFE
71 75 80 81 83 84  UNSAFE
8 12 14 20 17  UNSAFE
67 71 77 80 80  UNSAFE
35 39 42 49 51 55  UNSAFE
51 55 62 64 65 71  UNSAFE
40 45 48 50 52  UNSAFE
46 51 54 56 55  UNSAFE
84 89 90 93 96 96  UNSAFE
50 57 60 62 66  UNSAFE
23 28 31 33 34 40  UNSAFE
59 65 63 66 68  UNSAFE
89 94 95 96 93 91  UNSAFE
75 82 81 82 82  UNSAFE
75 82 85 84 86 90  UNSAFE
48 55 57 55 60  UNSAFE
74 81 82 83 84 84 85  UNSAFE
35 42 42 44 46 45  UNSAFE
15 22 25 25 25  UNSAFE
44 50 51 52 52 56  UNSAFE
31 38 38 39 42 47  UNSAFE
50 55 58 60 64 66 68 69  UNSAFE
11 18 19 20 24 21  UNSAFE
4 10 12 16 19 19  UNSAFE
16 23 24 28 29 33  UNSAFE
18 23 27 29 36  UNSAFE
51 58 64 66 68 71 73  UNSAFE
35 42 44 46 51 52 53 51  UNSAFE
15 22 28 29 30 30  UNSAFE
66 73 80 82 83 87  UNSAFE
21 26 32 35 36 42  UNSAFE
50 48 47 46 43 40 43  UNSAFE
92 89 87 85 84 83 80 80  UNSAFE
49 46 45 44 43 40 36  UNSAFE
88 86 84 82 79 73  UNSAFE
16 14 13 12 11 13 12 9  UNSAFE
47 46 48 46 44 47  UNSAFE
17 16 17 14 13 10 10  UNSAFE
60 59 61 60 56  UNSAFE
68 65 62 65 60  UNSAFE
22 21 18 18 15 12  UNSAFE
28 25 24 22 21 21 19 20  UNSAFE
76 74 74 71 71  UNSAFE
73 72 69 68 68 65 61  UNSAFE
85 84 84 83 81 74  UNSAFE
46 44 40 37 35  UNSAFE
91 90 86 84 82 83  UNSAFE
65 62 59 55 54 52 50 50  UNSAFE
55 53 52 48 46 43 40 36  UNSAFE
39 36 34 30 28 22  UNSAFE
22 20 17 12 10 8  UNSAFE
33 30 24 22 21 20 22  UNSAFE
96 94 88 86 86  UNSAFE
97 94 92 91 84 83 81 77  UNSAFE
31 29 24 23 17  UNSAFE
11 12 10 8 6 5  UNSAFE
25 28 27 25 22 21 22  UNSAFE
24 25 23 21 20 18 18  UNSAFE
65 68 66 65 62 59 58 54  UNSAFE
67 68 67 65 62 60 55  UNSAFE
53 54 55 53 50 49  UNSAFE
72 74 75 73 71 74  UNSAFE
76 78 81 78 77 77  UNSAFE
91 92 91 93 90 89 85  UNSAFE
70 73 72 74 73 66  UNSAFE
91 93 93 92 89 88 85  UNSAFE
18 21 21 19 16 19  UNSAFE
30 32 29 29 29  UNSAFE
92 93 93 91 87  UNSAFE
14 17 15 12 10 10 3  UNSAFE
61 62 58 55 54 51 50 48  UNSAFE
15 17 15 11 12  UNSAFE
71 73 71 69 68 64 61 61  UNSAFE
33 35 31 29 26 24 20  UNSAFE
90 91 87 86 79  UNSAFE
32 34 29 26 24  UNSAFE
91 92 91 85 86  UNSAFE
51 53 52 45 43 43  UNSAFE
27 30 27 22 19 17 13  UNSAFE
94 97 90 87 85 80  UNSAFE
11 11 10 9 7 4 2  UNSAFE
67 67 64 63 62 64  UNSAFE
83 83 80 77 75 75  UNSAFE
79 79 76 74 71 69 65  UNSAFE
14 14 11 10 3  UNSAFE
33 33 30 27 29 26  UNSAFE
70 70 67 69 66 65 64 65  UNSAFE
75 75 73 75 75  UNSAFE
89 89 87 84 81 82 78  UNSAFE
72 72 69 71 69 66 60  UNSAFE
25 25 25 22 21  UNSAFE
55 55 52 52 50 53  UNSAFE
29 29 27 26 26 25 25  UNSAFE
53 53 53 51 50 49 46 42  UNSAFE
27 27 27 26 23 17  UNSAFE
85 85 83 79 77 76  UNSAFE
76 76 74 72 68 71  UNSAFE
55 55 52 49 47 46 42 42  UNSAFE
76 76 74 70 67 65 64 60  UNSAFE
58 58 56 53 49 47 44 37  UNSAFE
13 13 7 5 2 1  UNSAFE
73 73 71 68 62 65  UNSAFE
44 44 42 37 35 33 30 30  UNSAFE
85 85 82 76 75 71  UNSAFE
94 94 91 84 83 80 77 72  UNSAFE
74 70 68 65 63 61  UNSAFE
81 77 74 72 69 72  UNSAFE
86 82 80 79 76 73 72 72  UNSAFE
98 94 92 91 88 85 84 80  UNSAFE
29 25 23 21 18 16 15 8  UNSAFE
96 92 91 89 90 88 87 85  UNSAFE
73 69 66 64 61 60 61 63  UNSAFE
89 85 82 84 81 78 77 77  UNSAFE
70 66 63 61 63 59  UNSAFE
92 88 85 84 86 85 78  UNSAFE
92 88 86 86 85 84 83  UNSAFE
55 51 51 48 47 45 42 43  UNSAFE
92 88 88 87 85 85  UNSAFE
98 94 92 90 87 84 84 80  UNSAFE
44 40 40 38 35 34 28  UNSAFE
19 15 11 10 9 7  UNSAFE
78 74 70 67 66 63 66  UNSAFE
67 63 59 58 58  UNSAFE
57 53 50 48 44 42 38  UNSAFE
21 17 15 11 10 8 7 2  UNSAFE
74 70 69 63 61  UNSAFE
19 15 10 8 5 4 6  UNSAFE
73 69 66 61 61  UNSAFE
53 49 43 42 39 35  UNSAFE
78 74 73 68 66 60  UNSAFE
30 24 23 20 19 17 14 13  UNSAFE
48 43 42 41 43  UNSAFE
56 51 48 46 45 43 42 42  UNSAFE
55 50 48 45 42 41 37  UNSAFE
56 49 48 47 44 41 35  UNSAFE
35 30 27 28 27 26 24 23  UNSAFE
88 83 82 80 79 81 84  UNSAFE
82 77 80 77 75 75  UNSAFE
85 80 77 80 76  UNSAFE
75 69 72 70 63  UNSAFE
26 19 18 18 16  UNSAFE
77 72 72 71 73  UNSAFE
97 92 90 90 87 86 86  UNSAFE
30 23 22 21 21 18 14  UNSAFE
76 71 70 69 68 68 63  UNSAFE
68 61 57 56 54 53 51 48  UNSAFE
26 20 18 14 12 10 12  UNSAFE
57 52 48 46 44 44  UNSAFE
91 85 82 78 75 73 71 67  UNSAFE
72 66 62 59 54  UNSAFE
37 31 29 24 22  UNSAFE
90 83 76 73 74  UNSAFE
63 58 56 53 48 48  UNSAFE
71 66 60 57 54 51 47  UNSAFE
42 37 34 31 25 18  UNSAFE
18 21 23 24 26 27 26  UNSAFE
17 20 23 24 26 29 32 32  UNSAFE
82 83 85 86 88 90 94  UNSAFE
26 27 28 29 32 39  UNSAFE
38 39 40 39 40 42 45  UNSAFE
58 61 64 66 69 68 70 67  UNSAFE
22 24 25 22 23 23  UNSAFE
57 60 61 59 61 64 65 69  UNSAFE
5 7 8 6 7 10 12 18  UNSAFE
43 46 49 49 52 55 57 59  UNSAFE
43 46 46 49 48  UNSAFE
78 80 82 85 85 85  UNSAFE
34 36 39 39 43  UNSAFE
20 23 23 26 31  UNSAFE
61 63 67 68 70  UNSAFE
17 19 21 25 26 25  UNSAFE
43 45 49 52 54 56 56  UNSAFE
48 49 51 52 55 56 60 64  UNSAFE
15 17 18 22 24 27 34  UNSAFE
69 72 77 80 83 84 86 88  UNSAFE
45 47 49 56 57 59 58  UNSAFE
56 58 64 65 68 68  UNSAFE
3 6 7 8 13 14 16 20  UNSAFE
78 81 82 89 90 96  UNSAFE
24 23 26 28 31 33 35  UNSAFE
88 86 88 89 87  UNSAFE
26 23 25 28 30 31 31  UNSAFE
30 29 32 34 38  UNSAFE
64 62 65 68 69 75  UNSAFE
77 76 75 77 80 81  UNSAFE
55 54 55 54 56 54  UNSAFE
87 84 86 84 86 88 88  UNSAFE
7 5 3 4 7 9 12 16  UNSAFE
64 61 64 63 69  UNSAFE
41 38 41 41 42  UNSAFE
12 10 12 12 14 15 12  UNSAFE
50 49 50 50 51 51  UNSAFE
79 78 79 81 81 84 88  UNSAFE
52 50 51 51 56  UNSAFE
5 3 5 7 11 14 16  UNSAFE
85 83 87 88 90 93 90  UNSAFE
82 80 84 87 88 91 91  UNSAFE
15 12 16 18 22  UNSAFE
82 79 80 83 87 89 96  UNSAFE
14 13 15 20 22  UNSAFE
49 47 48 49 52 57 58 55  UNSAFE
26 23 28 31 31  UNSAFE
10 8 11 13 18 19 23  UNSAFE
79 76 77 79 84 91  UNSAFE
47 47 50 53 55 58 61 64  UNSAFE
85 85 86 88 91 89  UNSAFE
35 35 38 39 41 44 44  UNSAFE
42 42 44 46 49 53  UNSAFE
83 83 86 87 89 92 98  UNSAFE
21 21 22 19 21  UNSAFE
36 36 37 40 41 38 35  UNSAFE
58 58 60 62 60 60  UNSAFE
11 11 14 15 13 15 19  UNSAFE
47 47 46 49 54  UNSAFE
23 23 24 26 26 28 31 32  UNSAFE
79 79 81 82 82 81  UNSAFE
44 44 44 46 47 49 50 50  UNSAFE
35 35 38 41 41 43 47  UNSAFE
52 52 52 54 56 59 65  UNSAFE
2 2 4 7 8 10 14 15  UNSAFE
75 75 77 81 83 86 87 86  UNSAFE
19 19 23 24 27 28 31 31  UNSAFE
79 79 83 85 87 91  UNSAFE
23 23 27 29 35  UNSAFE
60 60 61 62 69 72 75  UNSAFE
12 12 19 22 24 22  UNSAFE
45 45 52 55 55  UNSAFE
60 60 61 68 71 73 74 78  UNSAFE
40 40 46 47 49 51 54 59  UNSAFE
17 21 23 25 26 28 30  UNSAFE
22 26 27 30 33 34 36 35  UNSAFE
77 81 83 84 86 88 90 90  UNSAFE
7 11 14 15 18 22  UNSAFE
6 10 13 16 22  UNSAFE
65 69 71 74 75 76 75 78  UNSAFE
69 73 71 73 76 75  UNSAFE
75 79 77 78 80 83 84 84  UNSAFE
36 40 43 46 49 47 51  UNSAFE
52 56 58 60 58 59 64  UNSAFE
28 32 33 35 35 36 39  UNSAFE
23 27 28 28 27  UNSAFE
33 37 38 38 39 39  UNSAFE
77 81 83 83 86 90  UNSAFE
34 38 40 41 42 44 44 49  UNSAFE
86 90 94 97 98  UNSAFE
48 52 55 59 57  UNSAFE
28 32 36 37 40 43 45 45  UNSAFE
13 17 21 23 26 30  UNSAFE
40 44 48 51 57  UNSAFE
12 16 23 26 27 30  UNSAFE
14 18 21 24 26 29 35 34  UNSAFE
31 35 42 43 44 44  UNSAFE
18 22 24 26 32 36  UNSAFE
31 35 37 39 45 51  UNSAFE
69 76 79 82 85 87 89 91  UNSAFE
79 86 89 91 89  UNSAFE
68 75 77 78 79 82 82  UNSAFE
28 34 35 38 41 43 45 49  UNSAFE
65 71 74 75 76 82  UNSAFE
66 71 74 72 75  UNSAFE
22 27 25 27 30 28  UNSAFE
82 88 87 88 91 93 94 94  UNSAFE
21 28 30 29 32 34 38  UNSAFE
85 90 92 91 96  UNSAFE
7 14 14 16 18 21 22 23  UNSAFE
19 25 25 27 29 32 33 32  UNSAFE
47 54 57 57 59 60 60  UNSAFE
44 51 51 52 55 59  UNSAFE
63 70 70 71 73 78  UNSAFE
12 17 19 23 25 26  UNSAFE
23 28 32 35 37 34  UNSAFE
50 56 59 60 63 67 70 70  UNSAFE
53 59 63 66 70  UNSAFE
69 76 78 82 89  UNSAFE
60 65 66 67 70 76 77  UNSAFE
37 44 46 51 48  UNSAFE
34 41 47 48 48  UNSAFE
69 76 77 84 86 90  UNSAFE
42 49 50 55 62  UNSAFE
49 47 46 44 43 44  UNSAFE
83 81 78 75 75  UNSAFE
13 11 8 6 5 1  UNSAFE
75 72 69 68 67 65 59  UNSAFE
34 32 30 31 28 25 22  UNSAFE
75 73 72 74 76  UNSAFE
82 79 78 77 75 73 76 76  UNSAFE
72 71 72 71 67  UNSAFE
63 61 59 56 57 50  UNSAFE
19 17 17 16 14  UNSAFE
34 33 33 30 31  UNSAFE
98 96 95 95 93 93  UNSAFE
28 25 25 23 21 18 14  UNSAFE
18 15 13 12 10 10 3  UNSAFE
62 60 59 57 54 52 48 47  UNSAFE
98 96 95 91 92  UNSAFE
20 18 15 12 11 9 5 5  UNSAFE
27 25 24 20 17 15 11  UNSAFE
96 93 91 89 85 83 81 74  UNSAFE
77 74 68 66 65 62  UNSAFE
74 72 71 65 67  UNSAFE
26 23 20 18 13 10 10  UNSAFE
68 65 58 55 53 51 47  UNSAFE
61 60 57 56 53 51 46 40  UNSAFE
32 34 31 30 28  UNSAFE
37 39 36 35 34 35  UNSAFE
86 88 86 84 83 80 80  UNSAFE
39 41 38 37 36 33 29  UNSAFE
38 39 37 35 34 31 24  UNSAFE
84 86 83 80 82 79  UNSAFE
57 58 55 54 51 48 49 51  UNSAFE
78 81 82 81 80 79 78 78  UNSAFE
40 41 39 41 40 39 35  UNSAFE
41 43 40 39 38 37 39 34  UNSAFE
72 74 72 72 69 66  UNSAFE
16 18 18 15 14 11 12  UNSAFE
27 30 29 27 24 22 22 22  UNSAFE
52 54 53 53 51 48 44  UNSAFE
58 59 58 57 56 56 50  UNSAFE
34 36 33 31 30 27 23 22  UNSAFE
38 41 38 34 37  UNSAFE
85 88 85 81 81  UNSAFE
64 67 64 61 60 56 53 49  UNSAFE
23 24 20 19 14  UNSAFE
28 30 25 24 22  UNSAFE
70 73 68 65 64 63 60 62  UNSAFE
52 54 51 44 42 42  UNSAFE
96 97 92 91 87  UNSAFE
52 53 46 43 40 37 35 29  UNSAFE
68 68 66 64 63 61 60 59  UNSAFE
51 51 48 46 44 42 40 41  UNSAFE
82 82 79 76 74 74  UNSAFE
23 23 20 17 16 13 11 7  UNSAFE
72 72 69 67 64 61 60 53  UNSAFE
27 27 24 23 24 23 21 18  UNSAFE
29 29 27 25 28 29  UNSAFE
59 59 62 60 57 56 55 55  UNSAFE
98 98 95 93 91 94 90  UNSAFE
70 70 68 67 66 65 66 60  UNSAFE
80 80 79 76 76 74 72 71  UNSAFE
69 69 68 65 62 61 61 64  UNSAFE
21 21 18 16 14 14 12 12  UNSAFE
36 36 34 34 30  UNSAFE
16 16 15 12 10 10 3  UNSAFE
70 70 66 63 61 60 58  UNSAFE
44 44 40 38 35 38  UNSAFE
54 54 51 50 46 43 43  UNSAFE
29 29 26 22 18  UNSAFE
21 21 18 16 12 6  UNSAFE
59 59 57 51 49 47 46 43  UNSAFE
46 46 45 44 38 40  UNSAFE
90 90 88 83 83  UNSAFE
29 29 28 25 23 17 13  UNSAFE
99 99 94 93 91 89 86 79  UNSAFE
68 64 62 60 58 56 55  UNSAFE
98 94 91 89 90  UNSAFE
56 52 50 47 45 45  UNSAFE
78 74 71 70 68 65 61  UNSAFE
27 23 20 19 18 15 9  UNSAFE
92 88 86 89 86  UNSAFE
52 48 45 48 50  UNSAFE
75 71 68 70 70  UNSAFE
23 19 18 15 13 15 13 9  UNSAFE
96 92 94 93 87  UNSAFE
76 72 72 70 68  UNSAFE
80 76 74 74 73 76  UNSAFE
65 61 59 59 58 58  UNSAFE
91 87 85 84 82 80 80 76  UNSAFE
74 70 67 66 66 65 58  UNSAFE
62 58 54 52 50 49  UNSAFE
88 84 80 79 77 74 72 74  UNSAFE
14 10 9 7 3 3  UNSAFE
65 61 58 56 52 48  UNSAFE
20 16 12 10 8 1  UNSAFE
63 59 58 55 54 48 46 45  UNSAFE
57 53 51 46 49  UNSAFE
93 89 82 79 76 76  UNSAFE
52 48 47 45 43 36 32  UNSAFE
98 94 92 87 85 82 81 76  UNSAFE
23 18 15 14 11 9  UNSAFE
82 77 75 72 71 70 72  UNSAFE
61 55 54 53 50 49 47 47  UNSAFE
37 32 29 27 24 21 17  UNSAFE
82 75 74 71 70 65  UNSAFE
12 7 9 7 5 3  UNSAFE
62 57 59 56 57  UNSAFE
68 62 59 57 54 57 57  UNSAFE
73 66 65 66 64 62 58  UNSAFE
37 32 30 27 26 29 22  UNSAFE
98 93 93 91 88 86 85 84  UNSAFE
27 21 21 19 17 14 11 13  UNSAFE
69 64 63 63 63  UNSAFE
82 77 75 72 69 69 67 63  UNSAFE
71 64 61 61 58 53  UNSAFE
15 9 5 4 3  UNSAFE
53 47 44 43 41 37 39  UNSAFE
18 12 11 7 5 4 2 2  UNSAFE
75 69 66 63 59 56 55 51  UNSAFE
97 91 87 86 84 81 78 73  UNSAFE
66 59 57 55 50 49 47 44  UNSAFE
73 66 63 60 57 51 48 49  UNSAFE
58 52 47 46 43 43  UNSAFE
31 25 24 17 16 12  UNSAFE
46 40 38 37 32 31 26  UNSAFE
68 70 73 72 70  UNSAFE
28 29 28 28 25 19  UNSAFE
21 26 23 25 26 30  UNSAFE
82 76 73 71 64 64  UNSAFE
78 75 82 83 89  UNSAFE
88 89 89 87 85 85  UNSAFE
51 54 52 54 53 55  UNSAFE
51 53 54 61 64 68  UNSAFE
60 61 62 63 67 70 72 75  UNSAFE
23 16 15 12 13 11 8 5  UNSAFE
6 8 10 12 13 18  UNSAFE
48 41 39 38 35 34 31 31  UNSAFE
74 70 64 62 61 57  UNSAFE
30 27 29 34 37 41  UNSAFE
24 24 23 22 18 17 14 10  UNSAFE
67 64 63 62 61 59 55  UNSAFE
98 94 93 91 94  UNSAFE
11 12 9 12 15 18 25  UNSAFE
86 82 81 76 74 77  UNSAFE
26 20 19 17 16 11 9 7  UNSAFE
69 69 65 64 62 59 58 52  UNSAFE
90 88 90 94 91  UNSAFE
74 75 73 71 72 72  UNSAFE
40 35 32 26 25 22 18  UNSAFE
4 3 9 11 13 16 19 18  UNSAFE
34 34 35 37 37  UNSAFE
69 73 76 78 79 80 79  UNSAFE
64 64 61 59 57 60  UNSAFE
30 26 23 21 17 15  UNSAFE
44 48 50 54 54  UNSAFE
16 16 15 15 8  UNSAFE
30 30 28 25 21 24  UNSAFE
96 96 92 91 90 89  UNSAFE
50 46 43 41 39 40 33  UNSAFE
30 29 30 31 32 32 33 33  UNSAFE
44 50 51 52 52  UNSAFE
21 19 20 23 23 27  UNSAFE
48 48 49 46 49 51 49  UNSAFE
67 62 60 57 56 53 50  UNSAFE
78 82 84 86 89 94 96 96  UNSAFE
22 22 25 23 20 18 14  UNSAFE
23 20 22 19 22 23 26  UNSAFE
40 40 39 37 37 34 32 34  UNSAFE
39 43 46 49 53 56 53  UNSAFE
65 58 58 55 54 54  UNSAFE
90 92 89 87 86  UNSAFE
17 15 16 19 22 25 23  UNSAFE
41 41 36 33 32 30 26  UNSAFE
6 9 8 8 7 4 6  UNSAFE
46 46 47 49 51 53 59 64  UNSAFE
71 67 64 61 59 56 58 55  UNSAFE
58 60 60 62 62  UNSAFE
61 57 54 50 47 47  UNSAFE
8 13 20 21 24  UNSAFE
47 47 50 53 54 57 55  UNSAFE
35 35 32 31 28 27 25 22  UNSAFE
90 92 90 88 87 83  UNSAFE
52 55 52 47 47  UNSAFE
45 49 51 54 58  UNSAFE
40 35 34 34 28  UNSAFE
51 50 49 48 47 44 44  UNSAFE
91 84 81 81 79 78 75 78  UNSAFE
55 51 50 50 49 46 40  UNSAFE
67 74 77 79 82 85 92  UNSAFE
26 26 28 29 33  UNSAFE
68 72 74 77 81 84 86  UNSAFE
81 77 76 74 67 62  UNSAFE
24 17 15 13 10 6 2  UNSAFE
36 39 38 35 32 30 28 21  UNSAFE
25 28 29 27 29 32  UNSAFE
80 74 73 72 74 68  UNSAFE
13 14 14 15 18 20 21 27  UNSAFE
55 52 49 47 45 41 43  UNSAFE
74 76 75 72 71 70 63 56  UNSAFE
18 17 13 12 11 7  UNSAFE
33 33 35 34 31 26  UNSAFE
45 49 47 49 52 52  UNSAFE
49 54 55 55 57 60 57  UNSAFE
79 79 83 85 90  UNSAFE
50 50 50 51 54 57  UNSAFE
43 47 48 48 50 52 53 52  UNSAFE
86 84 83 85 83 80 80  UNSAFE
41 40 41 44 44 43  UNSAFE
36 30 26 25 22 21 19 22  UNSAFE
9 12 15 18 24 24  UNSAFE
20 27 32 34 36 34  UNSAFE
51 51 53 59 61 61  UNSAFE
57 55 58 59 59 61 66  UNSAFE
6 10 10 13 14 15 18  UNSAFE
39 43 46 49 51 51  UNSAFE
92 89 87 84 83 80 79 80  UNSAFE
45 43 40 35 33 27  UNSAFE
21 24 25 28 32  UNSAFE
31 28 29 32 36 37 40 42  UNSAFE
77 77 79 80 79 80  UNSAFE
88 90 88 87 84 79 75  UNSAFE
16 18 16 16 12  UNSAFE
74 72 70 68 66 63  SAFE
72 74 77 79 80  SAFE
23 26 27 29 31 32 34  SAFE
65 67 70 72 74 75  SAFE
74 76 77 79 82 85  SAFE
73 71 70 69 67 65 63  SAFE
65 64 63 60 57  SAFE
29 32 35 36 38 41 44 47  SAFE
6 8 11 13 15 17 18  SAFE
25 24 22 20 19 16 13  SAFE
23 24 25 27 28 30  SAFE
42 44 45 47 48 49  SAFE
78 80 83 86 89 90  SAFE
65 68 69 72 74 75 78 81  SAFE
28 29 32 33 34 35 36 39  SAFE
63 64 66 69 71 73 74  SAFE
15 14 13 11 9 6  SAFE
62 65 67 68 71 73 74 76  SAFE
92 91 90 89 86 84 83  SAFE
70 72 75 77 78 79  SAFE
77 74 73 70 67 66 65  SAFE
44 42 40 38 36  SAFE
89 87 86 83 82 80 77  SAFE
58 61 62 65 67 69  SAFE
70 68 66 63 60  SAFE
42 43 46 49 50 51 52 55  SAFE
23 22 19 18 15 14  SAFE
42 39 38 37 36 34  SAFE
54 51 50 49 46  SAFE
21 18 16 15 14 12 11  SAFE
31 28 25 23 20 19 18  SAFE
15 13 10 8 7 6 4 1  SAFE
36 38 39 40 42 45 46 48  SAFE
46 44 41 39 37 36  SAFE
30 28 27 24 21 19  SAFE
23 20 17 16 15 12  SAFE
71 74 76 78 80 81 84 85  SAFE
82 84 87 88 90 93 95 96  SAFE
52 54 55 58 60 62 64  SAFE
23 26 28 29 31  SAFE
87 84 83 80 79 76 75 73  SAFE
26 29 31 32 34 36  SAFE
73 72 69 67 66 65 62  SAFE
97 94 92 90 87 85 82  SAFE
25 24 23 20 18 16 13  SAFE
68 66 65 63 61  SAFE
32 30 27 25 23 21 18 15  SAFE
35 37 38 39 42  SAFE
81 84 87 88 91 94 95  SAFE
43 41 40 39 38  SAFE
53 51 48 45 43  SAFE
79 77 74 72 71 68 65  SAFE
17 19 21 22 24  SAFE
55 58 60 62 65  SAFE
69 67 66 63 61  SAFE
26 29 30 31 34 37  SAFE
3 5 6 8 9 12  SAFE
65 68 71 72 75 78 80 83  SAFE
94 92 90 89 87  SAFE
35 34 31 30 27  SAFE
67 65 62 61 58 55 54  SAFE
13 14 16 18 20 23 24  SAFE
66 65 62 61 58  SAFE
83 84 85 87 90 91 94 97  SAFE
71 70 69 68 66 65 62  SAFE
18 16 13 11 10 9 8 7  SAFE
95 92 91 90 87 84  SAFE
46 45 43 40 39 38  SAFE
42 44 45 48 49 52  SAFE
58 61 64 65 66 68 71  SAFE
80 79 77 76 74  SAFE
59 60 62 63 66 67 69 71  SAFE
29 32 33 34 35 38 41 43  SAFE
74 71 70 68 67  SAFE
79 77 74 71 70  SAFE
46 44 42 40 38 36  SAFE
61 63 66 69 71  SAFE
63 61 58 57 55 53  SAFE
11 12 14 15 17 19  SAFE
87 89 90 92 94 97  SAFE
18 21 24 27 29  SAFE
92 90 88 87 85 82  SAFE
16 15 14 12 10 9 7 5  SAFE
69 68 67 65 63 61 58 56  SAFE
61 59 56 54 51 48  SAFE
53 56 58 60 61 64 67  SAFE
83 82 79 77 74 71 70  SAFE
29 31 34 36 39 42  SAFE
78 80 83 84 86 89 90 93  SAFE
65 63 62 61 60 58  SAFE
27 24 22 19 17 15  SAFE
38 41 44 47 50  SAFE
72 70 67 65 63 60 59  SAFE
57 60 63 64 66  SAFE
48 49 51 53 55 57  SAFE
95 92 90 89 88  SAFE
85 88 91 92 94  SAFE
16 15 12 10 8 5 4 2  SAFE
82 81 80 77 75 73 70  SAFE
31 34 35 38 39 41 44  SAFE
75 78 79 81 83 86  SAFE
84 83 81 78 77 74  SAFE
24 21 18 16 15 12  SAFE
34 32 31 29 26 23  SAFE
94 92 91 89 87 84 82  SAFE
17 19 21 23 25 26  SAFE
52 50 49 48 47 46 44 41  SAFE
44 43 41 40 39 36 34  SAFE
68 70 73 76 79 82  SAFE
52 50 48 45 43 42 40 38  SAFE
40 41 44 45 47 48 51 52  SAFE
66 68 69 72 75 77 79  SAFE
38 35 34 31 30 29 26  SAFE
31 28 27 24 21  SAFE
18 19 22 23 26 29 32 33  SAFE
85 82 81 79 78 77  SAFE
54 52 49 47 46 43 40 37  SAFE
60 63 65 68 70 72 74 77  SAFE
47 49 52 55 58 61  SAFE
26 28 30 33 34 36 37 40  SAFE
36 37 40 42 45 48 50 51  SAFE
25 24 22 20 17 14 11  SAFE
82 81 80 78 77  SAFE
69 68 66 63 60 57 54 52  SAFE
67 69 70 73 75  SAFE
99 98 95 94 93 90 88  SAFE
82 85 87 88 91 94  SAFE
84 86 89 91 92 93 94  SAFE
34 31 29 27 26 23  SAFE
76 78 79 80 81 82 83 85  SAFE
42 43 46 47 49 52 55  SAFE
62 63 66 68 70  SAFE
82 79 76 74 71  SAFE
4 7 8 9 11 12 13  SAFE
6 8 9 10 11  SAFE
82 80 77 74 71 69 67  SAFE
59 61 64 67 69  SAFE
21 19 16 14 13 10  SAFE
14 17 18 21 23 25 26  SAFE
27 24 22 21 20 19  SAFE
77 75 74 73 72 69  SAFE
7 8 9 10 12 14 15 17  SAFE
76 78 79 82 83 84 86 89  SAFE
66 68 69 71 72 74  SAFE
69 68 66 64 61  SAFE
64 62 60 57 56  SAFE
59 61 62 65 68  SAFE
19 17 16 14 12  SAFE
52 53 54 55 58 61 63  SAFE
3 6 9 12 14  SAFE
80 83 84 86 89  SAFE
97 95 93 91 90 88 87  SAFE
52 53 55 58 60 61 62 65  SAFE
35 32 30 27 24 22  SAFE
52 55 58 59 62 64  SAFE
83 81 78 77 75 73 71 68  SAFE
91 89 87 84 83 80 78  SAFE
7 8 11 12 15  SAFE
60 62 65 67 69 70 71 74  SAFE
50 52 53 54 56 57  SAFE
22 19 17 16 13 10  SAFE
46 43 40 39 37  SAFE
57 60 63 66 68 70 73 76  SAFE
73 74 75 77 80 81  SAFE
69 70 72 75 78  SAFE
27 26 24 21 19 16  SAFE
68 70 72 74 75 77  SAFE
73 74 75 76 77 80 82 84  SAFE
65 68 69 72 73 75  SAFE
50 47 44 41 38 37  SAFE
93 90 87 85 83 82 79  SAFE
13 16 17 19 22 24 27  SAFE
97 95 94 92 91 88  SAFE
40 37 35 33 32  SAFE
68 70 71 72 73 74 75  SAFE
14 17 18 20 23  SAFE
43 41 38 37 34 33 31 30  SAFE
17 20 23 26 29 31 33 34  SAFE
13 15 16 17 19 21 22  SAFE
94 92 91 88 86  SAFE
82 81 79 78 77 76 74 73  SAFE
39 41 44 46 48 50  SAFE
82 79 78 76 73 71  SAFE
98 97 95 92 91 89 87 85  SAFE
81 78 76 74 71  SAFE
67 70 72 73 76 79 80  SAFE
22 23 25 28 30 31 34  SAFE
49 48 46 43 41  SAFE
87 86 85 84 83  SAFE
84 87 88 90 91 94  SAFE
29 26 24 23 20  SAFE
22 20 19 18 17  SAFE
48 50 53 55 57 60 63 64  SAFE
51 49 48 46 43 41 39 37  SAFE
21 22 24 26 28 31 34  SAFE
55 56 57 59 60 62 63  SAFE
38 39 42 45 46 49  SAFE
73 71 70 68 67  SAFE
54 51 50 47 46 43 42 41  SAFE
25 24 23 21 18  SAFE
70 72 75 78 81 82  SAFE
53 52 50 49 47  SAFE
56 55 53 52 49 48  SAFE
80 79 78 75 74 71 68 67  SAFE
70 71 74 76 78 81 83  SAFE
34 33 30 28 26 24 21  SAFE
62 64 65 66 67 68  SAFE
51 53 55 58 61 64 65  SAFE
37 35 32 31 30 28 26 25  SAFE
47 49 51 53 54 55  SAFE
31 28 25 22 21 19  SAFE
21 22 25 26 29 30 31  SAFE
53 50 48 45 43 40 38 37  SAFE
83 80 79 78 75  SAFE
20 21 23 26 29 30  SAFE
30 33 34 37 39  SAFE
18 20 23 24 25  SAFE
24 26 28 31 33 36 37  SAFE
81 78 76 75 73 71 68 65  SAFE
70 73 75 77 78 81 82 85  SAFE
23 24 26 29 31 34 36 39  SAFE
26 28 29 32 34 37 38 40  SAFE
5 6 7 9 12  SAFE
27 25 22 19 16 13 11  SAFE
20 23 24 25 26 29 31 33  SAFE
29 28 26 24 22 20 18 15  SAFE
72 73 76 77 79 80 81 83  SAFE
17 18 20 22 25  SAFE
85 83 82 80 78 75 72  SAFE
7 8 9 11 13  SAFE
70 71 72 73 75 77  SAFE
58 61 62 63 64 66 68  SAFE
23 20 19 16 13 10 8  SAFE
8 11 14 17 19 22  SAFE
89 88 85 84 81 79 78  SAFE
60 63 64 65 68 71 72 75  SAFE
47 49 50 51 52 53 55 56  SAFE
32 29 27 24 21 19 17 14  SAFE
78 81 84 85 86 88 90 93  SAFE
69 67 65 64 63 62  SAFE
23 24 25 28 30 33 35  SAFE
35 36 39 41 43 46  SAFE
81 80 78 77 75  SAFE
37 39 41 43 44 46  SAFE
70 73 76 79 81  SAFE
99 96 94 92 89 86 85 82  SAFE
31 30 28 26 25 24 21  SAFE
73 75 77 80 81 84 85 86  SAFE
27 28 31 33 35 38 40 42  SAFE
49 51 53 54 57  SAFE
28 27 24 23 20 19 18  SAFE
54 55 58 60 62  SAFE
34 33 32 31 29  SAFE
17 20 22 23 24 25 28 31  SAFE
57 58 60 61 64 65 68  SAFE
89 88 86 84 81 79 77  SAFE
20 23 26 29 30 33 36 39  SAFE
82 85 86 87 90 91 94  SAFE
66 64 62 59 57 55 53  SAFE
46 43 40 39 36 35 33 31  SAFE
43 41 40 38 35 32  SAFE
55 53 52 51 48  SAFE
10 12 14 15 17 19  SAFE
29 26 25 22 20 18 16  SAFE
34 33 31 29 28 26 25 22  SAFE
83 86 89 90 92  SAFE
81 80 79 77 74 73 70  SAFE
90 87 85 84 83  SAFE
34 35 38 41 42  SAFE
46 45 42 41 38 36  SAFE
77 76 73 72 71  SAFE
66 63 60 58 56 55  SAFE
43 44 47 48 49 51 53 56  SAFE
20 22 25 26 29 30 31  SAFE
83 86 88 91 92 95 96  SAFE
85 82 79 76 73 72 69  SAFE
59 57 54 53 50 49 48 45  SAFE
90 89 86 83 82 79  SAFE
21 23 24 26 29 32 34  SAFE
87 84 83 81 79 76 73 71  SAFE
48 47 45 43 41 40 37 36  SAFE
7 8 9 11 14 15 18 19  SAFE
55 52 49 48 47 45 44  SAFE
75 76 78 80 83  SAFE
62 64 65 68 70 73 76 79  SAFE
51 53 54 57 59 62 65 68  SAFE
60 61 62 64 67 70 71 72  SAFE
87 88 89 90 93 94  SAFE
67 70 73 74 77  SAFE
37 40 42 44 45 47 48  SAFE
27 24 22 19 16 14  SAFE
24 23 22 20 17 15 13 10  SAFE
19 21 24 27 29 30  SAFE
31 29 27 25 23  SAFE
73 72 69 67 65 63 61  SAFE
88 87 84 81 80 79  SAFE
67 69 72 74 75 78 81  SAFE
80 79 76 74 72 71  SAFE
22 20 18 15 13 12  SAFE
42 40 37 35 32 30 29 27  SAFE
2 3 5 8 10  SAFE
2 3 6 7 10 12  SAFE
83 84 85 86 88 91 92 93  SAFE
18 21 24 26 29 31 34 35  SAFE
77 79 82 84 85 86 88 89  SAFE
59 61 63 65 67 69  SAFE
12 15 16 19 20 22  SAFE
37 35 33 32 30 27  SAFE
90 87 86 85 84  SAFE
48 49 51 52 53  SAFE
63 60 57 54 52 51 49 46  SAFE
57 56 54 53 51 50 48 45  SAFE
16 14 11 10 9 8 7 5  SAFE
54 56 59 61 63 66 69 70  SAFE
34 35 38 41 42 44 46 49  SAFE
39 40 41 42 44 47  SAFE
16 13 10 7 6 3  SAFE
89 91 92 93 94 96  SAFE
60 63 64 65 68 70  SAFE
31 29 27 26 23 20 19 16  SAFE
34 37 40 41 44  SAFE
89 86 85 83 81 78 75  SAFE
79 78 76 74 72  SAFE
4 7 9 12 15 17 18  SAFE
70 67 65 63 62 60 58 56  SAFE
42 44 46 47 48 51 53 54  SAFE
17 15 14 13 12  SAFE
32 35 36 38 39 41 44 46  SAFE
9 8 5 4 2 1  SAFE
77 80 82 84 86 88 91  SAFE
73 72 70 67 64 63  SAFE
31 29 28 25 23  SAFE
46 47 50 51 52  SAFE
26 25 22 19 18  SAFE
36 33 32 29 26 23 22  SAFE
17 14 11 10 9 6 4  SAFE
63 61 58 55 52 49 46  SAFE
44 42 41 40 37 35 33  SAFE
61 60 59 56 54  SAFE
55 58 59 60 61 63  SAFE
93 91 90 87 86 84  SAFE
78 76 75 73 72 71  SAFE
64 63 62 59 58  SAFE
84 85 88 90 93  SAFE
44 42 39 38 37 35  SAFE
41 40 37 34 32  SAFE
10 9 6 3 2  SAFE
50 47 44 42 39  SAFE
82 84 87 88 89 90  SAFE
74 75 77 78 81 84 86  SAFE
50 53 56 57 59 62  SAFE
58 56 55 53 52  SAFE
19 16 13 12 10 8 7  SAFE
35 32 30 28 26 25 24  SAFE
29 26 24 23 21 18 15 14  SAFE
23 21 19 16 15 14 11 10  SAFE
86 89 92 94 95  SAFE
66 64 62 59 56  SAFE
23 22 20 19 18  SAFE
45 42 40 37 34 33 32 31  SAFE
20 18 16 15 14 13  SAFE
31 28 27 26 23 22  SAFE
10 13 16 17 19 22 24  SAFE
37 38 39 40 41  SAFE
79 81 82 84 87 90  SAFE
33 31 30 27 25 24 22  SAFE
4 6 7 8 10 12 14 16  SAFE
11 13 16 18 21 22 23  SAFE
80 81 83 85 87 90  SAFE
64 61 60 59 57 54  SAFE
88 86 83 82 81 79 77  SAFE
62 63 65 67 69  SAFE
99 97 94 93 91 90 89 88  SAFE
66 68 70 71 72  SAFE
97 94 92 91 88  SAFE
83 84 85 87 90  SAFE
22 24 26 29 32 33 34  SAFE
42 44 45 48 49 50  SAFE
93 92 91 89 87 86  SAFE
77 79 81 82 83 85 88  SAFE
39 38 37 35 33  SAFE
36 33 31 30 27  SAFE
66 64 63 60 57 54 51 48  SAFE
35 37 39 42 43  SAFE
66 64 61 59 56 55  SAFE
23 24 25 28 30 33 36 38  SAFE
2 5 6 7 8 9 12 13  SAFE
81 78 77 74 73 72 69  SAFE
40 42 43 44 46 49  SAFE
45 46 48 51 54 57 60 63  SAFE
97 94 93 91 89 86 85 82  SAFE
61 60 59 58 55 54 53  SAFE
50 51 53 55 58 60 63 64  SAFE
45 46 47 50 52  SAFE
28 26 24 23 22 19 17  SAFE
38 40 42 43 44 46 47  SAFE
34 32 29 28 26 25  SAFE
17 14 11 8 7  SAFE
98 97 95 94 93 92  SAFE
73 74 75 76 78  SAFE
76 78 79 80 83  SAFE
70 68 67 64 62 60 59 56  SAFE
95 94 93 90 89 88 86  SAFE
42 39 36 35 32 29  SAFE
39 36 33 32 30  SAFE
64 66 69 71 72 73 75  SAFE
39 37 35 32 29 27  SAFE
RESULT: 407
